1 2.440443 2.719727 1.696014 2.558451 nan nan 2.189311 1.787773 2.152520 1.912420
2 2.609711 1.457783 2.054709 1.304434 nan nan 2.417980 0.864477 2.491012 0.577317
4 2.312249 2.321217 1.678212 2.230612 nan nan 2.117912 1.431433 2.009862 1.536716
5 2.139213 2.311349 1.870932 2.146171 2.004802 2.118693 1.961455 1.757014 1.973822 1.899414
6 2.481417 1.938328 1.816547 1.848508 2.126335 1.806452 2.280277 1.503577 2.179162 1.344936
8 2.598669 1.893479 1.974200 1.653581 2.412520 1.850426 2.283223 1.231334 2.321839 1.185488
9 2.176533 1.952872 1.602884 1.814745 1.929606 1.766596 2.052895 1.390756 1.967209 1.367746
10 3.111935 2.673681 nan nan nan nan 3.079378 1.923807 3.055022 2.001639
11 1.916033 2.883578 1.320626 2.717584 nan nan 1.662369 1.927715 1.495862 2.012952
13 3.269198 2.652799 3.104741 2.525974 nan nan 3.128550 2.168281 3.233127 2.149392
14 2.206747 2.740734 1.647357 2.712473 2.032115 2.664931 1.931851 1.983574 1.866178 1.951994
16 2.450887 2.122810 1.846641 1.898664 nan nan 2.290513 1.500632 2.102536 1.306901
17 2.174526 2.220470 1.614489 2.088644 1.892458 2.143359 2.032488 1.881335 1.915853 1.629934
19 1.995603 2.531108 1.396481 2.415731 nan nan 1.695658 1.989159 1.679709 1.907993
20 3.004996 2.027510 2.234330 1.777832 2.541738 1.743149 2.810017 1.461784 2.845331 1.590177
22 3.102496 2.549536 nan nan 2.841618 2.103945 2.908531 2.041107 3.136049 1.852565
24 2.771667 1.786460 2.003084 1.590516 2.396657 1.625217 2.574522 1.413703 2.558791 1.256921
25 2.736838 2.099630 2.097056 1.930438 2.281694 1.856381 2.581958 1.657121 2.451921 1.712123
26 2.819934 2.828362 2.145393 2.806171 2.677698 2.709349 2.694433 2.308659 2.595453 2.416313
27 2.231112 2.506059 1.851448 2.414706 2.114088 2.475800 2.099670 2.034028 2.106069 1.849079
28 2.546776 2.517039 1.940100 2.348565 nan nan 2.339034 2.003989 2.143588 1.691033
30 2.338546 1.797203 1.608046 1.702251 2.049912 1.625999 2.217197 1.295231 2.136956 1.385891
31 2.061185 1.497718 1.309194 1.374423 1.811167 1.327141 1.752923 1.094850 1.701320 1.078898
32 2.064825 2.042983 1.553163 1.866643 1.900224 1.929272 1.782528 1.326786 1.727786 1.315294
33 3.080746 2.260616 2.471385 2.060218 nan nan 2.857261 1.812691 2.891206 1.758452
34 3.107168 2.601541 2.892795 2.445207 2.989984 2.478476 3.068222 2.180450 3.036354 2.290802
36 2.921342 2.088320 2.149277 1.914636 nan nan 2.785954 1.688084 2.682285 1.635104
37 2.785797 2.127523 2.054543 2.044685 2.413930 2.002019 2.631007 1.454550 2.535808 1.581961
38 2.136800 2.329792 1.465678 2.280277 1.828871 2.275953 1.933123 1.851185 1.832060 1.656345
40 2.606344 2.506342 2.061218 2.426253 nan nan 2.540514 1.714479 2.461483 1.814851
41 2.243700 2.430717 1.620820 2.318013 1.991902 2.294816 1.952139 1.806762 1.898352 1.555183
42 1.850402 2.466675 1.307762 2.367865 1.561135 2.362086 1.549123 1.969549 1.649710 1.854516
44 2.438823 2.138427 1.917041 2.023325 nan nan 2.134738 1.582240 nan nan
45 2.742505 3.047024 2.357899 2.962939 nan nan 2.666192 2.486374 nan nan
46 3.087377 2.717986 2.297788 2.558089 2.779483 2.258286 2.879865 2.054535 2.727829 1.895925
47 2.640736 1.479552 1.962603 1.356083 2.404309 1.228433 2.554186 1.017359 2.442390 1.085992
48 2.705940 2.321152 2.072950 2.202402 nan nan 2.523176 1.765615 2.398910 1.514179
49 2.225868 2.345380 1.464601 2.251269 nan nan nan nan 1.856618 1.599832
50 2.956632 2.547457 2.662072 2.237458 2.793714 2.230770 2.821828 1.921389 2.914783 1.996111
51 2.833998 1.996819 2.357754 1.873057 nan nan 2.749489 1.254061 2.779040 1.236653
53 3.345613 2.422205 nan nan nan nan 3.287370 1.726330 3.362559 1.683181
54 2.861170 2.478611 2.386993 2.309688 nan nan 2.771792 1.618811 2.765116 1.690668
55 2.695964 2.081692 2.100660 1.934199 2.627127 1.973205 2.524793 1.709241 2.540653 1.668937
56 2.825587 2.587013 nan nan nan nan 2.628799 1.887510 2.735844 1.893456
57 2.093423 2.115599 1.591824 1.978321 nan nan 1.840774 1.548030 1.811436 1.404918
59 3.131895 2.378101 nan nan nan nan 3.181374 1.531584 3.213342 1.632974
60 3.045500 3.091410 2.356584 2.826836 nan nan 2.841077 2.244538 2.790009 2.269703
61 2.539873 2.065170 1.826576 1.929253 2.366646 1.794943 2.275964 1.341760 2.164804 1.243224
62 2.721476 2.047903 1.879378 1.988221 2.574534 1.882346 2.577962 1.623819 2.586218 1.627302
63 2.966420 2.215117 2.288696 2.100156 nan nan 2.747571 1.720488 2.724761 1.613831
64 2.505805 2.413277 1.632146 2.220012 2.140017 2.296114 2.105587 1.659543 2.089437 1.740793
65 2.655967 1.942444 2.278798 1.827191 2.435311 1.774594 2.584477 1.474832 2.510685 1.546710
66 3.104885 2.284469 nan nan nan nan 3.053950 1.620906 3.060581 1.591735
67 2.168410 1.701813 1.738546 1.558170 nan nan 2.123572 1.085338 1.920705 1.165697
69 2.710919 2.639672 1.790697 2.571765 2.360428 2.654055 2.438259 1.782700 2.352782 1.884170
71 2.221716 2.243505 1.537908 2.126156 1.905067 2.094204 1.971351 1.708083 2.031203 1.938960
72 3.432988 2.990341 3.301154 2.914388 3.313487 2.903584 3.370634 2.425030 3.336239 2.565285
75 3.743937 3.459122 3.737858 3.382119 3.812298 3.372387 3.549869 2.919426 3.702008 2.945193
76 2.593586 2.455048 2.139483 2.353198 2.294960 2.353356 2.534744 1.914001 2.480829 2.070499
77 3.193492 1.936270 2.771911 1.630861 2.898562 1.423424 3.077590 1.483587 3.010929 1.574829
78 2.157687 2.541985 1.664849 2.389064 1.847204 2.487209 1.861098 1.669122 1.793468 1.769235
79 2.424882 2.096217 1.809237 2.011475 2.289377 1.868034 2.331230 1.622709 2.253469 1.715515
80 2.140054 2.135626 1.619807 2.058685 nan nan 1.826958 1.439702 1.815669 1.451736
81 3.260661 2.485799 nan nan nan nan 3.179243 1.831185 3.220883 2.086658
82 2.257452 2.251760 1.683479 2.095501 2.051846 2.071688 2.059274 1.437590 1.838792 1.436921
83 2.491190 2.561667 1.968784 2.426504 nan nan 2.330313 1.911340 2.199087 1.918275
85 3.086807 1.979347 2.310960 1.824134 nan nan 2.910791 1.383307 2.900752 1.606317
86 2.618533 2.122800 1.906582 2.001340 nan nan 2.418468 1.471197 2.239181 1.424851
87 2.649233 2.124613 1.928872 1.989269 nan nan 2.511049 1.601950 2.344955 1.412805
90 2.856685 2.387884 2.263782 2.176156 nan nan 2.724865 1.758966 2.728533 1.651728
91 2.124098 2.110035 1.507659 1.979744 nan nan 1.641557 1.196808 1.620250 1.268053
92 2.124098 2.110035 1.507659 1.979744 nan nan 1.641557 1.196808 1.620250 1.268053
94 2.679122 2.093103 1.901217 1.939587 nan nan 2.461740 1.565128 2.366681 1.623819
95 3.277512 1.665674 2.760862 1.477053 nan nan 3.137305 1.245139 3.084240 1.246543
97 2.732772 2.198460 2.267330 1.902037 nan nan 2.677845 1.428486 2.491990 1.602584
98 2.228826 2.510079 1.673559 2.402845 nan nan 1.976804 1.996675 1.873469 1.815877
99 2.274516 2.246614 1.589516 2.082609 1.880534 2.052301 1.957727 1.709591 1.953766 1.785054
102 3.133137 2.221146 2.324305 1.971115 2.806248 2.013639 2.999360 1.791352 2.802124 1.853106
103 2.919965 2.026078 2.326386 1.870002 nan nan 2.797802 1.568641 2.837762 1.373578
104 2.457496 2.013277 1.696516 1.893906 2.079888 1.844807 2.320514 1.465777 2.299632 1.730747
105 3.342373 2.347092 nan nan nan nan 3.280959 1.651449 nan nan
106 3.071701 2.041860 2.383774 1.897632 2.808557 1.936366 2.940646 1.735778 2.886838 1.742171
107 2.583929 2.027933 1.972439 1.810745 2.313172 1.820566 2.345318 1.577989 2.283340 1.569686
108 2.058303 1.732513 1.545172 1.569577 1.801459 1.499851 1.765175 1.242130 1.732615 1.327649
109 2.849522 2.473424 2.237911 2.243775 nan nan 2.564821 1.954760 2.544086 1.971022
114 3.480470 2.801129 2.970679 2.650727 3.108293 2.636511 3.291061 2.345734 3.309854 2.430648
115 3.105474 2.817466 2.471125 2.448670 2.864377 2.609885 2.735901 2.167784 2.862606 2.247211
116 2.645722 2.456554 1.821673 2.245293 2.496832 2.189179 2.420765 2.132070 2.463721 2.132510
119 3.151184 2.114691 2.871487 1.951934 2.978609 1.917655 3.121534 1.588143 3.047781 1.774648
121 2.637441 1.879313 nan nan nan nan nan nan nan nan
122 3.295474 1.887303 2.896342 1.672886 3.070261 1.679170 3.270835 1.582529 3.187649 1.432880
124 3.156547 2.518402 nan nan nan nan nan nan nan nan
126 3.645254 2.732874 3.368985 2.524362 3.499872 2.577902 3.447269 2.166950 3.465249 2.288985
127 2.553954 2.287911 2.037785 2.098440 2.357769 2.146171 2.459722 1.625140 2.396505 1.770381
128 2.676916 2.224101 2.150000 2.043266 2.441323 1.950632 2.553138 1.611989 2.391949 1.817471
129 3.777785 2.991523 nan nan nan nan nan nan nan nan
130 3.030062 2.559657 2.479122 2.375303 2.842134 2.187979 2.847143 2.027581 2.716947 1.822085
132 2.363720 1.819627 1.836557 1.441287 2.051549 1.527201 2.063749 1.163994 2.172458 1.247965
133 3.172661 3.029100 2.426073 2.909861 2.920045 2.878417 2.997816 2.527144 3.063932 2.367343
134 2.557222 2.765137 1.751211 2.512982 nan nan 2.239513 1.715122 2.296252 1.991680
135 2.880449 2.457518 2.422852 2.330548 nan nan 2.763181 1.811843 2.805625 1.740830
137 3.025484 2.885729 2.493739 2.740180 nan nan 2.871622 2.190523 2.867718 2.146731
140 3.166473 2.457485 2.615134 2.113544 nan nan nan nan nan nan
143 3.612872 3.304914 nan nan nan nan nan nan nan nan
144 3.570550 2.782704 3.081255 2.575555 nan nan 3.373909 2.204236 3.451424 2.288245
145 2.067237 2.515671 1.583258 2.406063 nan nan 1.897116 2.036767 1.795425 1.988521
146 3.256683 2.489302 nan nan nan nan 3.255476 1.718964 3.283164 1.705675
148 2.981146 2.432507 2.227070 2.258337 2.499155 2.321593 2.739418 1.949171 nan nan
149 2.855815 2.062852 2.270968 1.893848 2.541343 1.904612 2.706333 1.614307 2.627254 1.777710
151 3.064065 1.860784 2.614377 1.673614 2.987281 1.822904 2.869480 1.488326 2.787351 1.507538
152 3.156830 2.201494 2.690082 1.868778 nan nan 2.946963 1.669576 2.956529 1.464006
154 3.324838 1.849433 nan nan nan nan 3.347600 1.065503 nan nan
155 3.089974 2.282292 2.079418 2.078854 2.766734 2.016420 2.885467 1.802153 2.812491 1.891901
156 3.156332 2.691900 2.900264 2.560002 2.962542 2.291938 3.085675 2.033281 3.186443 1.986149
159 3.031568 1.605519 2.180948 1.279765 2.606260 1.271900 2.778836 1.222305 2.814557 1.325883
161 2.279492 2.500918 nan nan nan nan 2.208421 1.546514 2.225239 1.763613
164 2.914970 1.809282 2.165637 1.591346 nan nan 2.743037 1.274445 2.676937 0.980701
165 2.530368 2.489152 1.870287 2.318597 2.387462 2.328775 2.392169 2.058726 2.309707 2.132223
166 1.774362 2.246379 1.164865 2.101559 nan nan 1.483862 1.546256 1.466351 1.646469
167 2.864300 3.059777 2.068907 2.978237 2.527407 2.962044 2.639525 2.460282 2.543453 2.448018
