1 0.485967 1.391961 0.000000 0.000000 0.000000 0.000000 0.000000 0.000000 0.000000 0.000000
2 1.136995 0.592090 0.000000 0.000000 0.000000 0.000000 0.000000 0.000000 0.000000 0.000000
4 0.931509 1.395535 0.000000 0.000000 0.000000 0.000000 0.000000 0.000000 0.000000 0.000000
5 0.556435 0.890254 0.000000 0.000000 0.000000 0.000000 0.000000 0.000000 0.000000 0.000000
6 0.938687 1.040633 0.000000 0.000000 0.000000 0.000000 0.000000 0.000000 0.000000 0.000000
8 0.847777 0.722780 0.000000 0.000000 0.000000 0.000000 0.000000 0.000000 0.000000 0.000000
9 0.679175 0.857331 0.000000 0.000000 0.000000 0.000000 0.000000 0.000000 0.000000 0.000000
10 1.217355 1.593965 0.000000 0.000000 0.000000 0.000000 0.000000 0.000000 0.000000 0.000000
11 0.695155 0.943176 0.000000 0.000000 0.000000 0.000000 0.000000 0.000000 0.000000 0.000000
13 1.505340 1.417831 0.000000 0.000000 0.000000 0.000000 0.000000 0.000000 0.000000 0.000000
14 0.737894 1.594100 0.000000 0.000000 0.000000 0.000000 0.000000 0.000000 0.000000 0.000000
16 0.834862 0.890116 0.000000 0.000000 0.000000 0.000000 0.000000 0.000000 0.000000 0.000000
17 0.847257 1.160459 0.000000 0.000000 0.000000 0.000000 0.000000 0.000000 0.000000 0.000000
19 0.611750 1.361353 0.000000 0.000000 0.000000 0.000000 0.000000 0.000000 0.000000 0.000000
20 0.479438 0.740674 0.000000 0.000000 0.000000 0.000000 0.000000 0.000000 0.000000 0.000000
22 0.807846 1.206368 0.000000 0.000000 0.000000 0.000000 0.000000 0.000000 0.000000 0.000000
24 0.838099 1.001237 0.000000 0.000000 0.000000 0.000000 0.000000 0.000000 0.000000 0.000000
25 0.843502 1.098277 0.000000 0.000000 0.000000 0.000000 0.000000 0.000000 0.000000 0.000000
26 0.710004 1.082732 0.000000 0.000000 0.000000 0.000000 0.015713 0.011630 0.000000 0.000000
27 0.826713 1.395744 0.000000 0.000000 0.000000 0.000000 0.000000 0.000000 0.000000 0.000000
28 0.809365 1.321792 0.000000 0.000000 0.000000 0.000000 0.000000 0.000000 0.000000 0.000000
30 0.881743 0.874275 0.343218 0.658688 0.000000 0.000000 0.264602 0.178716 0.173613 0.160319
31 0.600307 0.894206 0.160110 0.486527 0.000000 0.000000 0.000000 0.000000 0.000000 0.000000
32 0.953531 1.229048 0.000000 0.000000 0.000000 0.000000 0.000000 0.000000 0.000000 0.000000
33 0.843390 1.141481 0.000000 0.000000 0.000000 0.000000 0.000000 0.000000 0.000000 0.000000
34 1.811988 1.365206 0.000000 0.000000 0.000000 0.000000 0.000000 0.000000 0.047210 0.018449
36 1.090201 1.111844 0.000000 0.000000 0.000000 0.000000 0.000000 0.000000 0.000000 0.000000
37 0.950367 1.137397 0.000000 0.000000 0.000000 0.000000 0.148760 0.098032 0.000000 0.000000
38 0.784381 1.395342 0.000000 0.000000 0.000000 0.000000 0.000000 0.000000 0.000000 0.000000
40 1.157828 1.363988 0.000000 0.000000 0.000000 0.000000 0.000000 0.000000 0.000000 0.000000
41 0.832389 0.995994 0.000000 0.000000 0.000000 0.000000 0.000000 0.000000 0.000000 0.000000
42 0.543604 1.235999 0.000000 0.000000 0.000000 0.000000 0.000000 0.000000 0.000000 0.000000
44 0.782706 0.790841 0.000000 0.000000 0.000000 0.000000 0.000000 0.000000 0.000000 0.000000
45 1.009864 1.630856 0.000000 0.000000 0.000000 0.000000 0.000000 0.000000 0.000000 0.000000
46 0.957930 0.881362 0.039213 0.081811 0.000000 0.000000 0.000000 0.000000 0.000000 0.000000
47 0.998097 0.838358 0.011776 0.022647 0.000000 0.000000 0.000000 0.000000 0.000000 0.000000
48 1.109495 1.355113 0.000000 0.000000 0.000000 0.000000 0.000000 0.000000 0.000000 0.000000
49 0.673271 1.469816 0.000000 0.000000 0.000000 0.000000 0.000000 0.000000 0.000000 0.000000
50 1.232611 1.275901 0.000000 0.000000 0.000000 0.000000 0.029897 0.013566 0.000000 0.000000
51 1.197076 1.104632 0.000000 0.000000 0.000000 0.000000 0.000000 0.000000 0.000000 0.000000
53 1.361227 1.371446 0.000000 0.000000 0.000000 0.000000 0.000000 0.000000 0.000000 0.000000
54 1.121909 1.110123 0.000000 0.000000 0.000000 0.000000 0.000000 0.000000 0.000000 0.000000
55 0.971546 1.081711 0.000000 0.000000 0.000000 0.000000 0.000000 0.000000 0.000000 0.000000
56 1.043580 1.221856 0.000000 0.000000 0.000000 0.000000 0.000000 0.000000 0.000000 0.000000
57 0.711313 1.041390 0.000000 0.000000 0.000000 0.000000 0.000000 0.000000 0.000000 0.000000
59 1.551520 1.215060 0.000000 0.000000 0.000000 0.000000 0.044219 0.013248 0.000000 0.000000
60 1.115739 1.409763 0.000000 0.000000 0.000000 0.000000 0.000000 0.000000 0.000000 0.000000
61 0.881098 0.998855 0.000000 0.000000 0.000000 0.000000 0.000000 0.000000 0.000000 0.000000
62 0.938045 1.093277 0.402440 1.086533 0.000000 0.000000 0.068812 0.046903 0.050895 0.035522
63 1.004846 1.271875 0.000000 0.000000 0.000000 0.000000 0.000000 0.000000 0.000000 0.000000
64 0.763788 1.171207 0.000000 0.000000 0.000000 0.000000 0.000000 0.000000 0.000000 0.000000
65 1.106688 1.089206 0.000000 0.000000 0.000000 0.000000 0.081363 0.035686 0.051433 0.024786
66 0.801787 1.083769 0.000000 0.000000 0.000000 0.000000 0.000000 0.000000 0.000000 0.000000
67 0.817272 0.767658 0.000000 0.000000 0.000000 0.000000 0.000000 0.000000 0.000000 0.000000
69 0.893970 1.519911 0.000000 0.000000 0.000000 0.000000 0.035713 0.035485 0.000000 0.000000
71 0.664076 0.988420 0.000000 0.000000 0.000000 0.000000 0.000000 0.000000 0.000000 0.000000
72 1.579357 1.249571 0.000000 0.000000 0.000000 0.000000 0.323211 0.113117 0.033933 0.014274
75 1.296528 1.219353 0.000000 0.000000 0.000000 0.000000 0.000000 0.000000 0.000000 0.000000
76 1.225338 1.058095 0.000000 0.000000 0.000000 0.000000 0.266340 0.121446 0.029050 0.016183
77 1.081388 1.082284 0.000000 0.000000 0.000000 0.000000 0.000000 0.000000 0.000000 0.000000
78 0.723208 1.390277 0.000000 0.000000 0.000000 0.000000 0.015133 0.015645 0.000000 0.000000
79 0.729738 0.854695 0.179602 0.427789 0.000000 0.000000 0.000000 0.000000 0.000000 0.000000
80 0.846679 1.265927 0.000000 0.000000 0.000000 0.000000 0.000000 0.000000 0.000000 0.000000
81 1.483216 1.210079 0.000000 0.000000 0.000000 0.000000 0.039881 0.011778 0.000000 0.000000
82 0.736339 1.066702 0.000000 0.000000 0.000000 0.000000 0.000000 0.000000 0.000000 0.000000
83 0.796472 1.285219 0.000000 0.000000 0.000000 0.000000 0.037850 0.028558 0.000000 0.000000
85 1.129402 1.010174 0.000000 0.000000 0.000000 0.000000 0.000000 0.000000 0.000000 0.000000
86 0.760217 0.912302 0.000000 0.000000 0.000000 0.000000 0.000000 0.000000 0.000000 0.000000
87 1.085808 1.143843 0.000000 0.000000 0.000000 0.000000 0.000000 0.000000 0.000000 0.000000
90 1.133686 0.786406 0.000000 0.000000 0.000000 0.000000 0.000000 0.000000 0.000000 0.000000
91 0.623493 1.198132 0.000000 0.000000 0.000000 0.000000 0.000000 0.000000 0.000000 0.000000
92 0.623493 1.198132 0.000000 0.000000 0.000000 0.000000 0.000000 0.000000 0.000000 0.000000
94 0.946969 0.985847 0.000000 0.000000 0.000000 0.000000 0.000000 0.000000 0.000000 0.000000
95 1.449006 1.233151 0.000000 0.000000 0.000000 0.000000 0.000000 0.000000 0.000000 0.000000
97 1.041414 0.795978 0.000000 0.000000 0.000000 0.000000 0.191045 0.049857 0.000000 0.000000
98 0.735999 1.397652 0.000000 0.000000 0.000000 0.000000 0.000000 0.000000 0.000000 0.000000
99 0.471292 0.804055 0.000000 0.000000 0.000000 0.000000 0.000000 0.000000 0.000000 0.000000
102 0.975418 0.921116 0.000000 0.000000 0.000000 0.000000 0.000000 0.000000 0.000000 0.000000
103 1.279543 1.018589 0.000000 0.000000 0.000000 0.000000 0.000000 0.000000 0.000000 0.000000
104 0.976049 1.042002 0.000000 0.000000 0.000000 0.000000 0.000000 0.000000 0.000000 0.000000
105 1.541855 0.718851 0.000000 0.000000 0.000000 0.000000 0.000000 0.000000 0.000000 0.000000
106 0.980175 1.179235 0.000000 0.000000 0.000000 0.000000 0.000000 0.000000 0.000000 0.000000
107 0.965538 1.108003 0.000000 0.000000 0.000000 0.000000 0.000000 0.000000 0.000000 0.000000
108 0.730779 0.857649 0.000000 0.000000 0.000000 0.000000 0.000000 0.000000 0.000000 0.000000
109 1.221801 0.897159 0.000000 0.000000 0.000000 0.000000 0.000000 0.000000 0.000000 0.000000
114 1.016547 0.827723 0.000000 0.000000 0.000000 0.000000 0.000000 0.000000 0.000000 0.000000
115 1.005894 0.898979 0.000000 0.000000 0.000000 0.000000 0.000000 0.000000 0.000000 0.000000
116 0.830553 1.148095 0.134599 0.469100 0.000000 0.000000 0.000000 0.000000 0.000000 0.000000
119 1.491489 1.015081 0.000000 0.000000 0.000000 0.000000 0.116938 0.031023 0.076786 0.024908
121 1.021032 0.754413 0.000000 0.000000 0.000000 0.000000 0.000000 0.000000 0.000000 0.000000
122 1.388140 0.856997 0.000000 0.000000 0.000000 0.000000 0.000000 0.000000 0.000000 0.000000
124 1.486369 1.246547 0.000000 0.000000 0.000000 0.000000 0.000000 0.000000 0.000000 0.000000
126 1.597168 0.961287 0.000000 0.000000 0.000000 0.000000 0.000000 0.000000 0.000000 0.000000
127 1.088189 0.933095 0.000000 0.000000 0.000000 0.000000 0.000000 0.000000 0.000000 0.000000
128 0.829562 0.729967 0.000000 0.000000 0.000000 0.000000 0.000000 0.000000 0.000000 0.000000
129 1.450821 0.763487 0.000000 0.000000 0.000000 0.000000 0.000000 0.000000 0.000000 0.000000
130 0.943366 1.199168 0.000000 0.000000 0.000000 0.000000 0.000000 0.000000 0.000000 0.000000
132 0.761680 0.471611 0.000000 0.000000 0.000000 0.000000 0.000000 0.000000 0.000000 0.000000
133 0.997881 1.359081 0.000000 0.000000 0.000000 0.000000 0.000000 0.000000 0.000000 0.000000
134 0.814218 1.203774 0.000000 0.000000 0.000000 0.000000 0.000000 0.000000 0.000000 0.000000
135 1.216940 1.259305 0.000000 0.000000 0.000000 0.000000 0.000000 0.000000 0.000000 0.000000
137 1.081302 1.252174 0.000000 0.000000 0.000000 0.000000 0.000000 0.000000 0.000000 0.000000
140 1.246358 0.909874 0.000000 0.000000 0.000000 0.000000 0.000000 0.000000 0.000000 0.000000
143 1.307447 1.064076 0.000000 0.000000 0.000000 0.000000 0.000000 0.000000 0.000000 0.000000
144 1.392464 1.442560 0.000000 0.000000 0.000000 0.000000 0.000000 0.000000 0.000000 0.000000
145 0.647567 1.433820 0.000000 0.000000 0.000000 0.000000 0.000000 0.000000 0.000000 0.000000
146 1.258536 1.245955 0.000000 0.000000 0.000000 0.000000 0.000000 0.000000 0.000000 0.000000
148 0.874444 1.249162 0.000000 0.000000 0.000000 0.000000 0.000000 0.000000 0.000000 0.000000
149 0.843073 1.012737 0.000000 0.000000 0.000000 0.000000 0.000000 0.000000 0.000000 0.000000
151 1.182509 1.061839 0.000000 0.000000 0.000000 0.000000 0.000000 0.000000 0.000000 0.000000
152 0.758253 0.955136 0.000000 0.000000 0.000000 0.000000 0.000000 0.000000 0.000000 0.000000
154 1.298592 1.262817 0.000000 0.000000 0.000000 0.000000 0.000000 0.000000 0.000000 0.000000
155 0.807454 0.834978 0.000000 0.000000 0.000000 0.000000 0.000000 0.000000 0.000000 0.000000
156 1.275802 1.224778 0.000000 0.000000 0.000000 0.000000 0.000000 0.000000 0.000000 0.000000
159 0.744044 0.619842 0.000000 0.000000 0.000000 0.000000 0.000000 0.000000 0.000000 0.000000
161 0.788421 1.609275 0.000000 0.000000 0.000000 0.000000 0.000000 0.000000 0.000000 0.000000
164 1.037080 0.931926 0.000000 0.000000 0.000000 0.000000 0.000000 0.000000 0.000000 0.000000
165 1.019044 1.294806 0.223081 0.628431 0.000000 0.000000 0.000000 0.000000 0.000000 0.000000
166 0.638965 1.013744 0.000000 0.000000 0.000000 0.000000 0.000000 0.000000 0.000000 0.000000
167 0.819798 1.517620 0.000000 0.000000 0.000000 0.000000 0.093019 0.085670 0.000000 0.000000
